9.431317647298178e-08
9.402332305908203e-08
9.703948497772217e-08
9.797039031982422e-08
9.451538721720378e-08
1.0478342374165853e-07
9.798511266708375e-08
9.788874387741089e-08
9.251903295516968e-08
9.197290341059367e-08
0.0022934924761454263
0.002301718552907308
0.002222134749094645
0.002346165180206299
0.0022443957328796386
0.002243142286936442
0.002250600496927897
0.0022519639333089194
0.002273980935414632
0.002282598654429118
2.839045524597168e-05
2.870385527610779e-05
2.8233915567398073e-05
2.8763320446014405e-05
2.6343045234680176e-05
2.7066892385482788e-05
2.8459349870681763e-05
2.742966890335083e-05
2.793635606765747e-05
2.7663019895553588e-05
5.323989868164063e-07
5.292874813079834e-07
5.312231302261353e-07
5.343194723129272e-07
5.382943391799927e-07
5.385831594467163e-07
5.343117952346801e-07
5.353644371032715e-07
5.34956431388855e-07
5.386610031127929e-07
2.122067356109619e-07
2.0872100830078125e-07
2.085683536529541e-07
2.0822080612182616e-07
2.2148255348205565e-07
2.06379451751709e-07
2.067247200012207e-07
2.009516429901123e-07
2.2120842933654784e-07
2.0752824783325196e-07
0.009931328773498536
0.010046761512756347
0.011150888442993164
0.011139408111572265
0.009923581123352052
0.00992166805267334
0.011132970809936523
0.009923527717590332
0.013559165000915528
0.009946125030517578
0.024360799789428712
0.025628937085469563
0.0311501948038737
0.024811358451843263
0.027601434389750164
0.024198120435078938
0.02662607192993164
0.025108496348063152
0.0308293358484904
0.02505681832631429
0.0025798110961914064
0.0025838192303975424
0.0027034597396850585
0.002549696922302246
0.002647603670756022
0.0025309621493021647
0.0026030373573303223
0.002538260777791341
0.002549660841623942
0.002483307361602783
0.0005983858744957399
0.000706891497287895
0.0006022410695038097
0.0006196009586996908
0.0006278722163903402
0.0005985745982674962
0.0006178319952367464
0.00061635442544673
0.0006386201823449034
0.0006255810435823507
0.00182069037799482
0.0018103986426636024
0.001762137782794458
0.0018176283963300564
0.0018348595886318773
0.001683354929641441
0.0018162083708577687
0.00174439222448402
0.0017346099570945458
0.0017567201758976335
